0000000    175317  177355  000007  000400  000003  100000  000002  000000
0000020    000017  000000  002540  000000  000205  000040  000000  000000
0000040    000031  000000  000110  000000  057537  040520  042507  042532
0000060    047522  000000  000000  000000  000000  000000  000000  000000
0000100    000000  000000  000001  000000  000000  000000  000000  000000
0000120    000000  000000  000000  000000  000000  000000  000000  000000
0000140    000000  000000  000000  000000  000031  000000  001050  000000
0000160    057537  042524  052130  000000  000000  000000  000000  000000
0000200    000000  000000  000001  000000  010000  000000  000000  000000
0000220    000000  000000  000000  000000  010000  000000  000000  000000
0000240    000005  000000  000005  000000  000006  000000  000000  000000
0000260    057537  062564  072170  000000  000000  000000  000000  000000
0000300    057537  042524  052130  000000  000000  000000  000000  000000
0000320    007300  000000  000001  000000  000276  000000  000000  000000
0000340    007300  000000  000004  000000  000000  000000  000000  000000
0000360    002000  100000  000000  000000  000000  000000  000000  000000
0000400    057537  072163  061165  000163  000000  000000  000000  000000
0000420    057537  042524  052130  000000  000000  000000  000000  000000
0000440    007576  000000  000001  000000  000006  000000  000000  000000
0000460    007576  000000  000001  000000  000000  000000  000000  000000
0000500    002010  100000  000000  000000  000006  000000  000000  000000
0000520    057537  072163  061165  064137  066145  062560  000162  000000
0000540    057537  042524  052130  000000  000000  000000  000000  000000
0000560    007604  000000  000001  000000  000032  000000  000000  000000
0000600    007604  000000  000002  000000  000000  000000  000000  000000
0000620    002000  100000  000000  000000  000000  000000  000000  000000
0000640    057537  067543  071556  000164  000000  000000  000000  000000
0000660    057537  042524  052130  000000  000000  000000  000000  000000
0000700    007640  000000  000001  000000  000010  000000  000000  000000
0000720    007640  000000  000003  000000  000000  000000  000000  000000
0000740    000000  000000  000000  000000  000000  000000  000000  000000
0000760    057537  071543  071164  067151  000147  000000  000000  000000
0001000    057537  042524  052130  000000  000000  000000  000000  000000
0001020    007650  000000  000001  000000  000004  000000  000000  000000
0001040    007650  000000  000000  000000  000000  000000  000000  000000
0001060    000002  000000  000000  000000  000000  000000  000000  000000
0001100    057537  067165  064567  062156  064537  063156  000157  000000
0001120    057537  042524  052130  000000  000000  000000  000000  000000
0001140    007654  000000  000001  000000  000110  000000  000000  000000
0001160    007654  000000  000002  000000  000000  000000  000000  000000
0001200    000000  000000  000000  000000  000000  000000  000000  000000
0001220    000031  000000  000470  000000  057537  040504  040524  000000
0001240    000000  000000  000000  000000  010000  000000  000001  000000
0001260    010000  000000  000000  000000  010000  000000  000000  000000
0001300    010000  000000  000000  000000  000003  000000  000003  000000
0001320    000003  000000  000000  000000  057537  066156  071537  066571
0001340    067542  057554  072160  000162  057537  040504  040524  000000
0001360    000000  000000  000000  000000  010000  000000  000001  000000
0001400    000010  000000  000000  000000  010000  000000  000003  000000
0001420    000000  000000  000000  000000  000006  000000  000001  000000
0001440    000000  000000  000000  000000  057537  067547  000164  000000
0001460    000000  000000  000000  000000  057537  040504  040524  000000
0001500    000000  000000  000000  000000  010010  000000  000001  000000
0001520    000010  000000  000000  000000  010010  000000  000003  000000
0001540    000000  000000  000000  000000  000006  000000  000002  000000
0001560    000000  000000  000000  000000  057537  060554  071537  066571
0001600    067542  057554  072160  000162  057537  040504  040524  000000
0001620    000000  000000  000000  000000  010020  000000  000001  000000
0001640    000010  000000  000000  000000  010020  000000  000003  000000
0001660    000000  000000  000000  000000  000007  000000  000003  000000
0001700    000000  000000  000000  000000  000031  000000  000110  000000
0001720    057537  044514  045516  042105  052111  000000  000000  000000
0001740    020000  000000  000001  000000  010000  000000  000000  000000
0001760    020000  000000  000000  000000  000420  000000  000000  000000
0002000    000001  000000  000001  000000  000000  000000  000000  000000
0002020    000042  100000  000060  000000  020000  000000  000010  000000
0002040    020010  000000  000030  000000  000000  000000  000000  000000
0002060    020040  000000  000020  000000  020060  000000  000070  000000
0002100    000002  000000  000030  000000  020160  000000  000005  000000
0002120    020320  000000  000100  000000  000013  000000  000120  000000
0002140    000000  000000  000000  000000  000000  000000  000003  000000
0002160    000003  000000  000002  000000  000000  000000  000000  000000
0002200    000000  000000  000000  000000  000000  000000  000000  000000
0002220    020300  000000  000004  000000  000000  000000  000000  000000
0002240    000000  000000  000000  000000  000016  000000  000040  000000
0002260    000014  000000  072457  071163  066057  061151  062057  066171
0002300    000144  000000  000000  000000  000033  000000  000030  000000
0002320    006702  152337  047151  100067  036615  114352  041447  120656
0002340    000062  000000  000040  000000  000001  000000  007000  000012
0002360    007000  000012  000001  000000  000003  000000  000000  001022
0002400    000052  000000  000020  000000  000000  000000  000000  000000
0002420    000050  100000  000030  000000  007420  000000  000000  000000
0002440    000000  000000  000000  000000  000014  000000  000070  000000
0002460    000030  000000  000002  000000  175001  002344  000000  000001
0002500    072457  071163  066057  061151  066057  061151  074523  072163
0002520    066545  041056  062056  066171  061151  000000  000000  000000
0002540    000046  000000  000020  000000  020150  000000  000010  000000
0002560    000051  000000  000020  000000  020160  000000  000000  000000
0002600    000000  000000  000000  000000  000000  000000  000000  000000
*
0007300    044125  162611  007762  042421  143760  166105  000000  000000
0007320    042613  101754  000700  042611  105754  166105  140203  104777
0007340    166105  076603  000354  106417  000015  000000  053417  171300
0007360    010417  174105  005351  000000  171000  010017  170105  007762
0007400    042421  171370  010017  174105  141535  007546  042037  000000
0007420    044125  162611  101510  020354  007762  002420  000200  000000
0007440    042707  000374  000000  171000  010417  170105  042707  000354
0007460    000000  100400  166175  145000  035632  106417  000035  000000
0007500    007762  042420  164360  177566  177777  007762  042421  105760
0007520    166105  140203  104401  166105  153351  177777  171377  010017
0007540    170105  106510  037475  000000  130000  164001  000016  000000
0007560    046613  104774  164105  144211  101510  020304  141535  022777
0007600    000214  000000  106514  072435  000000  040400  177523  072445
0007620    000000  110000  000150  000000  164400  177746  177777  000000
0007640    000000  000000  102176  040456  063045  000012  000001  000000
0007660    000034  000000  000000  000000  000034  000000  000000  000000
0007700    000034  000000  000002  000000  007300  000000  000064  000000
0007720    000064  000000  007577  000000  000000  000000  000064  000000
0007740    000003  000000  000014  000001  000020  000001  000000  000000
0007760    000000  000400  000000  000000  000000  000000  000000  000000
0010000    000000  000000  000000  000000  000000  000000  000000  000000
0010020    007624  000000  000001  000000  000000  000000  000000  000000
0010040    000000  000000  000000  000000  000000  000000  000000  000000
*
0020000    021021  050420  000000  000000  040021  074544  062154  071537
0020020    072564  057542  064542  062156  071145  050400  004162  000220
0020040    010162  040021  070137  064562  072156  000146  000220  000000
0020060    000400  000137  000005  057403  064155  062537  062570  072543
0020100    062564  064137  060545  062544  000162  063047  067165  000143
0020120    066453  064541  000156  001060  000000  001400  140000  000035
0020140    000003  017220  000000  000000  016700  000120  000000  000000
0020160    000002  000000  000417  000020  000000  000000  000001  000000
0020200    000026  000000  000417  000000  007300  000000  000001  000000
0020220    000034  000000  000417  000000  007420  000000  000001  000000
0020240    000042  000000  000001  000400  000000  000000  000000  000000
0020260    000052  000000  000001  000400  000000  000000  000000  000000
0020300    000003  000000  000000  040000  000004  000000  000003  000000
0020320    000040  057537  064155  062537  062570  072543  062564  064137
0020340    060545  062544  000162  063137  067165  000143  066537  064541
0020360    000156  070137  064562  072156  000146  074544  062154  071537
0020400    072564  057542  064542  062156  071145  000000  000000  000000
0020420
